(95),
(141),
(85),
(178),
(102),
(52),
(156),
(134),
(78),
(54),
(72),
(185),
(167),
(113),
(193),
(33),
(180),
(40),
(183),
(71),
(32),
(129),
(69),
(159),
(145),
(81),
(8),
(175),
(55),
(126),
(67),
(181),
(143),
(88),
(160),
(184),
(39),
(179),
(98),
(97),
(60),
(19),
(155),
(201),
(17),
(86),
(188),
(151),
(77),
(190),
(106),
(196),
(24),
(70),
(62),
(35),
(163),
(170),
(205),
(152),
(51),
(177),
(84),
(11),
(34),
(10),
(80),
(206),
(22),
(157),
(45),
(15),
(128),
(73),
(43),
(176),
(149),
(135),
(191),
(44),
(47),
(203),
(12),
(23),
(168),
(27),
(63),
(162),
(48),
(16),
(109),
(14),
(29),
(173),
(20),
(147),
(139),
(41),
(117),
(166),
(146),
(110),
(125),
(202),
(82),
(140),
(121),
(37),
(38),
(87),
(94),
(53),
(182),
(186),
(107),
(112),
(123),
(194),
(96),
(104),
(204),
(105),
(90),
(30),
(131),
(144),
(25),
(187),
(64),
(89),
(195),
(28),
(127),
(165),
(118),
(13),
(161),
(189),
(132),
(79),
(172),
(198),
(9),
(93),
(18),
(59),
(138),
(192),
(137),
(92),
(50),
(31),
(154),
(200),
(148),
(99),
(208),
(56),
(130),
(124),
(171),
(68),
(111),
(120),
(150),
(91),
(26),
(169),
(66),
(133),
(42),
(21),
(101),
(116),
(57),
(61),
(108),
(103),
(197),
(75),
(46),
(119),
(49),
(36),
(174),
(58),
(100),
(76),
(114),
(153),
(74),
(142),
(158),
(65),
(83),
(164),
(122),
(115),
(136),
(199),
(207);
