(126),
(127),
(133),
(137),
(521),
(538),
(583),
(619),
(633),
(851),
(855),
(931),
(1257),
(1323),
(1496),
(2278),
(2282),
(2670),
(18949),
(51051),
(101814),
(133609),
(135775),
(161928),
(181701),
(182718),
(237249),
(263530),
(285909),
(294797),
(296667),
(329728),
(336557),
(336560),
(336653),
(340279),
(340626),
(348539),
(371912),
(383647),
(386827),
(386828),
(386859),
(391311),
(392270),
(396623),
(396624),
(396630),
(412699),
(412704),
(433395),
(433396),
(441232),
(441244),
(445973),
(446061),
(449128),
(20),
(29),
(31),
(45),
(50),
(53),
(55),
(56),
(58),
(753),
(915),
(2465),
(2472),
(2669),
(6503),
(10322),
(30399),
(42642),
(47301),
(47566),
(126936),
(133185),
(136117),
(161963),
(162012),
(162138),
(182219),
(185308),
(264469),
(286038),
(287177),
(297744),
(303378),
(311773),
(313548),
(315604),
(323935),
(324750),
(333379),
(336587),
(336590),
(336594),
(336681),
(336685),
(338508),
(340154),
(355950),
(358628),
(361346),
(386849),
(386850),
(386869),
(386872),
(419618),
(441280),
(443668),
(443748),
(449058),
(451316),
(451594);
